236
111
72
214
28
233
186
50
230
56
68
164
97
204
199
207
81
46
250
59
205
161
218
252
218
224
21
220
101
179
111
34
24
226
43
220
85
58
193
244
16
43
167
174
60
68
12
61
142
42
31
134
222
38
190
201
229
241
209
21
15
65
245
67
195
22
117
29
144
55
122
25
51
36
194
140
98
140
88
239
202
212
228
212
5
48
199
147
119
223
92
231
141
34
253
71
56
15
117
144
135
49
244
140
212
127
68
227
36
23
83
206
107
180
93
102
64
44
44
226
213
86
159
208
17
14
42
26
42
22
51
214
133
77
135
173
60
135
200
41
101
249
204
22
49
42
213
54
250
100
114
111
175
93
79
109
204
29
167
110
255
65
211
75
180
151
250
168
156
41
208
178
103
13
147
253
220
249
4
150
136
5
237
158
149
223
120
131
205
238
74
206
249
244
172
210
124
137
54
186
206
8
207
85
46
13
250
14
14
132
66
42
217
124
188
50
185
24
214
44
31
58
59
184
159
48
7
253
36
117
191
91
101
251
159
6
195
190
146
206
161
158
37
45
156
238
42
38
68
13
5
200
33
174
28
181
250
139
30
104
52
194
26
26
150
76
36
188
173
146
144
217
107
74
174
32
91
47
43
134
19
172
230
147
29
161
134
242
244
79
191
161
233
7
18
132
214
83
23
135
193
99
21
38
89
227
135
35
117
96
175
98
215
53
21
96
142
52
26
96
40
168
35
50
95
168
69
110
10
9
45
126
134
199
42
197
0
254
14
252
131
247
151
192
17
95
29
211
235
120
218
45
40
118
42
118
253
201
198
98
158
194
111
233
30
127
82
228
234
85
218
121
78
131
203
218
142
175
212
87
124
103
39
137
195
134
72
97
236
51
254
158
45
131
206
224
163
226
88
157
119
133
68
243
226
137
191
86
47
34
36
62
135
176
207
239
237
79
143
174
206
154
34
34
212
162
133
118
60
233
130
141
223
12
152
4
119
180
176
177
186
33
140
240
104
84
27
92
71
51
74
177
109
170
124
11
157
242
28
106
236
66
241
196
84
225
220
252
246
191
13
247
114
150
84
183
36
6
29
80
67
136
49
52
207
122
4
230
179
61
43
198
230
179
240
149
206
149
30
20
135
189
190
144
27
209
235
68
201
44
109
139
209
19
230
82
208
177
26
148
149
125
239
247
142
131
67
32
212
27
65
58
11
114
117
244
36
218
112
206
183
140
233
32
184
83
184
226
246
131
186
146
45
173
78
109
49
217
13
220
253
93
100
236
60
53
143
16
125
19
172
108
231
215
70
168
228
100
221
88
108
94
129
40
108
230
33
193
202
114
194
171
18
40
185
46
64
203
12
226
62
116
45
203
23
39
47
127
175
174
148
181
115
196
70
223
114
69
226
210
197
85
65
108
68
106
206
159
181
198
105
56
11
21
90
3
78
195
34
226
215
68
3
189
109
70
177
212
214
178
82
118
161
169