Vector Kr : 
236
111
72
214
28
233
186
50
230
56
68
164
97
204
199
207
81
46
250
59
205
161
218
252
218
224
21
220
101
179
111
34
24
226
43
220
85
58
193
244
16
43
167
174
60
68
12
61
142
42
31
134
222
38
190
201
229
241
209
21
15
65
245
67
195
22
117
29
144
55
122
25
51
36
194
140
98
140
88
239
202
212
228
212
5
48
199
147
119
223
92
231
141
34
253
71
56
15
117
144
135
49
244
140
212
127
68
227
36
23
83
206
107
180
93
102
64
44
44
226
213
86
159
208
17
14
42
26
42
22
51
214
133
77
135
173
60
135
200
41
101
249
204
22
49
42
213
54
250
100
114
111
175
93
79
109
204
29
167
110
255
65
211
75
180
151
250
168
156
41
208
178
103
13
147
253
220
249
4
150
136
5
237
158
149
223
120
131
205
238
74
206
249
244
172
210
124
137
54
186
206
8
207
85
46
13
250
14
14
132
66
42
217
124
188
50
185
24
214
44
31
58
59
184
159
48
7
253
36
117
191
91
101
251
159
6
195
190
146
206
161
158
37
45
156
238
42
38
68
13
5
200
33
174
28
181
250
139
30
104
52
194
26
26
150
76
36
188
173
146
144
217
107
74
174
32
91
47
43
134
19
172
230
147
29
161
134
242
244
79
191
161
233
7
18
132
214
83
23
135
193
99
21
38
89
227
135
35
117
96
175
98
215
53
21
96
142
52
26
96
40
168
35
50
95
168
69
110
10
9
45
126
134
199
42
197
0
254
14
252
131
247
151
192
17
95
29
211
235
120
218
45
40
118
42
118
253
201
198
98
158
194
111
233
30
127
82
228
234
85
218
121
78
131
203
218
142
175
212
87
124
103
39
137
195
134
72
97
236
51
254
158
45
131
206
224
163
226
88
157
119
133
68
243
226
137
191
86
47
34
36
62
135
176
207
239
237
79
143
174
206
154
34
34
212
162
133
118
60
233
130
141
223
12
152
4
119
180
176
177
186
33
140
240
104
84
27
92
71
51
74
177
109
170
124
11
157
242
28
106
236
66
241
196
84
225
220
252
246
191
13
247
114
150
84
183
36
6
29
80
67
136
49
52
207
122
4
230
179
61
43
198
230
179
240
149
206
149
30
20
135
189
190
144
27
209
235
68
201
44
109
139
209
19
230
82
208
177
26
148
149
125
239
247
142
131
67
32
212
27
65
58
11
114
117
244
36
218
112
206
183
140
233
32
184
83
184
226
246
131
186
146
45
173
78
109
49
217
13
220
253
93
100
236
60
53
143
16
125
19
172
108
231
215
70
168
228
100
221
88
108
94
129
40
108
230
33
193
202
114
194
171
18
40
185
46
64
203
12
226
62
116
45
203
23
39
47
127
175
174
148
181
115
196
70
223
114
69
226
210
197
85
65
108
68
106
206
159
181
198
105
56
11
21
90
3
78
195
34
226
215
68
3
189
109
70
177
212
214
178
82
118
161
169
Vector Kc : 
174
142
165
190
117
146
39
180
50
95
132
251
139
194
43
86
88
255
113
138
151
27
24
207
164
132
3
185
157
151
152
125
137
102
64
254
208
255
67
194
71
178
59
184
36
72
16
229
142
169
225
167
146
217
141
166
123
135
52
204
7
30
220
98
253
187
179
79
54
120
244
135
11
121
39
232
149
159
217
90
121
155
25
144
119
21
173
47
13
225
162
199
154
46
88
47
51
93
142
197
213
97
126
46
56
18
240
55
94
51
23
229
141
229
132
90
26
232
200
111
240
186
44
167
158
203
247
113
93
89
80
205
114
127
198
6
100
147
234
53
166
43
82
104
62
165
102
78
159
184
161
81
183
125
52
203
0
108
7
82
119
175
213
71
149
157
86
115
131
50
98
202
138
6
191
235
129
230
67
152
89
109
68
142
233
125
93
0
253
230
28
236
198
119
129
181
50
229
19
184
64
32
209
124
200
68
87
236
12
217
8
42
212
199
41
207
232
89
230
43
44
157
159
198
15
44
8
122
12
54
180
48
170
209
115
183
73
251
223
167
142
44
48
207
90
214
236
168
98
158
175
186
81
254
139
161
78
0
177
148
162
72
138
121
236
156
170
244
208
238
31
249
88
104
73
195
51
11
5
132
146
65
23
220
75
87
141
51
73
150
22
62
233
130
137
185
29
243
90
33
116
150
226
242
106
32
236
13
37
173
18
137
140
122
221
94
168
207
103
211
193
192
166
111
236
30
79
239
1
64
176
26
125
226
167
134
149
129
128
78
4
13
249
14
232
0
68
128
36
68
103
241
167
95
140
19
38
62
33
67
108
178
103
153
180
67
146
69
203
91
169
235
61
1
105
226
175
36
145
22
13
133
121
72
209
210
27
190
190
123
239
239
26
225
45
148
72
143
206
33
117
93
180
141
144
201
41
162
231
126
248
15
77
13
16
218
77
133
10
121
93
224
22
94
115
135
52
32
148
110
121
129
165
123
212
221
60
50
85
94
159
54
50
199
152
213
53
146
129
234
3
144
82
114
89
237
151
76
62
212
76
101
86
28
98
220
97
7
118
10
235
143
238
215
104
145
194
45
138
110
246
245
5
46
33
17
77
110
210
174
134
182
45
55
127
209
245
73
112
88
68
239
164
243
99
121
114
92
50
196
175
98
170
77
105
169
184
225
161
156
219
27
137
164
112
169
195
156
60
209
247
160
48
222
125
37
153
173
61
19
225
44
185
52
99
251
66
245
250
18
62
60
16
55
4
189
19
173
147
248
203
205
240
209
129
11
174
237
161
56
229
152
81
76
129
130
2
131
204
62
11
115
129
122
82
252
183
68
140
174
34
153
190
60
158
207
5
127
220
100
181
241
104
199
73
107
71
198
112
226
117
145
179
118
47
64
17
207
220
193
97
204
39
108
118
208
180
231
16
149
7
187
98
96
109
61
104
251
235
48
55
105
213
105
3
198
169
251
170
43
68
106
117
22
234
142
224
188
20
129
122
254
6
2
124
177
170
200
98
176
192
67
164
234
161
99
61
188
243
4
30
85
145
91
110
197
212
137
156
147
89
219
255
237
229
241
137
69
141
200
221
102
35
41
185
161
247
226
186
180
201
125
231
188
81
58
9
137
7
34
9
40
198
17
254
145
104
20
12
67
106
123
236
24
237
176
165
189
53
208
140
186
178
95
211
134
45
106
234
63
147
134
15
232
203
177
237
121
9
190
185
133
11
248
98
201
40
40
73
31
218
100
159
72
29
51
89
60
68
17
147
80
57
53
4
67
247
105
99
73
201
166
24
236
193
29
22
189
229
200
129
60
44
116
88
163
71
233
202
215
253
33
154
199
101
137
193
133
164
49
77
70
251
235
46
172
152
50
153
162
134
144
21
225
141
53
13
87
198
90
179
215
52
94
113
253
121
50
9
86
209
150
165
102
1
207
134
245
214
133
214
204
130
252
78
94
135
203
8
250
44
142
86
144
149
126
216
158
242
196
6
45
110
241
162
64
29
246
239
247
253
80
21
187
159
44
231
54
29
135
111
104
116
112
95
181
49
96
16
163
247
196
30
233
248
131
36
111
178
158
134
7
127
236
99
4
242
30
226
239
66
95
168
182
105
114
107
70
187
99
231
4
223
67
61
230
125
3
124
99
121
46
232
243
2
12
117
70
121
181
253
184
208
72
51
210
33
176
129
225
201
81
14
24
215
147
85
108
254
119
127
117
237
149
114
203
161
200
71
205
223
119
88
104
84
71
47
70
112
166
18
184
250
17
205
80
133
178
176
92
58
14
55
245
192
12
254
209
66
182
99
215
242
40
204
107
43
58
215
183
106
2
7
179
172
99
114
53
220
17
221
127
113
35
60
219
90
197
101
240
206
206
2
39
149
85
48
9
8
191
236
131
103
52
222
202
246
57
222
34
167
135
44
58
171
254
7
24
221
59
38
204
54
234
65
77
232
132
132
4
6
83
245
121
244
97
60
218
115
190
119
228
104
6
50
163
73
211
174
236
57
96
81
131
207
83
5
207
214
78
88
99
73
80
211
238
25
115
81
209
182
7
168
96
15
51
83
238
171
43
91
19
73
28
220
16
47
108
251
89
117
182
172
67
7
86
233
100
27
70
37
69
222
4
136
244
24
21
76
215
199
111
196
172
81
120
227
112
157
65
46
1
235
8
1
176
134
49
161
57
122
181
24
3
209
130
98
106
105
49
ITER_MAX : 
1
