144
30
80
24
183
221
224
39
159
214
43
64
145
53
208
218
186
160
168
111
164
144
199
175
0
94
127
180
211
160
229
133
228
85
208
178
226
241
243
10
159
77
30
99
87
127
109
44
134
209
107
152
0
123
77
113
65
108
198
13
126
47
94
161
68
235
202
114
184
129
131
22
170
106
146
89
192
38
72
239
139
18
91
47
130
61
255
187
116
166
166
53
230
147
159
70
58
212
249
49
94
191
45
164
103
198
251
86
129
154
221
47
27
119
130
105
218
190
92
5
82
29
111
57
134
228
54
225
5
52
27
160
121
186
16
31
77
9
67
215
131
149
140
60
244
141
94
18
123
156
2
0
193
216
6
186
84
184
24
219
62
250
241
74
48
200
157
0
98
129
203
245
193
224
184
226
115
228
254
191
184
157
66
145
227
104
154
157
40
9
94
131
194
183
119
228
180
63
10
191
150
97
212
169
94
149
188
12
6
178
140
109
36
94
234
192
91
31
112
156
81
40
132
50
214
