147
250
45
43
120
1
241
42
69
100
145
42
211
220
195
232
163
202
52
221
67
30
153
76
212
40
12
217
209
242
83
100
58
106
186
249
43
181
186
209
5
151
54
37
15
151
11
251
201
21
90
144
215
99
183
125
0
71
229
176
183
81
144
86
47
246
20
120
47
245
141
81
95
248
225
174
62
226
203
224
19
233
90
70
65
112
106
8
70
158
235
189
6
225
118
187
182
169
11
48
20
32
102
210
63
62
100
30
52
238
65
93
106
199
136
130
192
31
90
148
76
18
110
98
216
219
78
218
37
230
190
171
71
130
207
183
118
192
217
151
208
17
107
166
55
113
188
212
89
193
217
140
27
105
215
206
132
137
180
14
180
9
165
63
233
203
20
32
49
116
109
27
122
144
56
58
189
147
103
60
140
59
10
91
192
97
34
21
77
112
31
232
133
24
139
158
135
188
206
220
203
189
5
146
184
168
12
100
142
61
53
194
15
2
99
106
135
235
112
67
142
157
203
85
38
