223
40
89
148
229
8
134
146
210
144
65
14
5
105
106
106
126
82
121
226
84
189
128
187
61
109
245
31
54
72
51
227
82
167
58
90
70
41
225
159
130
192
244
21
252
225
101
74
52
121
27
248
173
237
20
48
187
143
216
72
224
114
192
228
72
110
68
107
45
45
7
225
243
85
129
227
82
197
189
84
97
29
127
239
185
117
209
173
79
81
243
4
94
66
22
91
209
21
1
146
194
193
158
201
102
89
122
240
144
135
61
143
102
157
27
5
213
0
7
182
160
255
225
176
128
27
234
29
75
253
240
203
188
91
225
128
183
143
19
75
10
48
209
58
230
29
131
207
71
174
72
45
194
111
199
49
101
68
43
155
46
10
224
79
142
234
147
40
19
48
42
172
129
222
221
242
77
130
49
244
67
240
87
36
18
54
159
99
9
145
130
214
50
47
194
248
26
175
52
255
173
22
242
223
115
173
243
62
161
68
55
82
25
23
72
215
43
135
139
20
53
5
151
44
192
