Vector Kr : 
51
9
126
68
86
122
80
89
187
83
243
161
57
75
110
240
26
52
175
33
194
234
152
72
186
92
7
205
228
88
183
144
129
19
106
230
171
164
113
133
20
189
119
35
91
97
193
1
239
211
187
214
214
129
242
247
10
252
176
12
80
139
50
246
139
197
150
204
167
228
119
26
156
218
79
102
58
83
53
69
228
46
48
232
103
55
27
44
116
149
21
150
211
8
226
63
34
110
114
65
175
85
62
31
180
61
122
115
95
200
71
230
108
168
45
0
56
129
166
241
219
220
148
181
63
70
214
25
215
105
131
181
107
141
122
111
140
96
75
193
113
79
100
65
236
91
242
87
41
192
103
193
106
81
192
254
112
124
214
60
255
8
39
146
249
66
18
225
211
25
60
163
142
246
247
246
103
44
116
222
95
31
197
184
163
148
180
229
175
94
215
89
242
49
191
172
251
249
223
37
2
152
14
252
163
80
124
111
45
253
142
179
148
200
37
94
5
245
90
139
69
13
176
187
65
Vector Kc : 
161
184
183
72
237
134
181
120
101
196
154
192
8
88
127
167
154
56
247
157
91
187
120
56
60
2
60
61
183
151
32
195
143
252
208
121
19
231
115
22
154
101
249
22
53
43
219
175
245
104
244
60
232
171
34
30
98
15
71
37
69
247
196
8
206
7
130
140
171
201
94
247
68
121
228
34
20
151
121
19
193
189
22
15
137
171
83
94
125
55
230
110
194
233
130
143
46
60
83
29
153
151
146
57
69
47
124
252
106
87
140
186
217
106
100
198
142
229
144
140
31
122
249
125
231
89
169
231
81
232
119
98
15
87
59
96
98
21
231
194
191
192
219
25
126
188
250
139
244
208
77
26
3
165
10
193
57
254
57
40
190
225
243
162
249
44
100
199
122
20
26
238
139
106
19
203
155
215
40
181
148
36
103
11
204
37
222
154
230
79
199
79
158
188
126
46
12
118
16
26
147
184
79
186
10
48
32
208
120
43
52
20
113
215
110
201
136
115
214
96
138
89
140
226
50
ITER_MAX : 
1
