5
80
130
103
162
212
212
180
157
95
197
211
190
138
40
230
195
9
253
129
227
246
237
77
212
127
60
83
216
26
25
73
65
143
169
182
28
249
17
59
187
35
93
182
186
159
81
81
157
111
4
170
91
92
179
250
161
198
237
224
71
114
144
134
112
84
177
44
63
163
14
21
160
131
149
132
184
84
160
187
201
176
153
221
17
59
179
84
251
169
19
11
158
176
50
63
156
153
145
236
6
126
168
185
123
46
42
143
81
240
126
177
206
253
60
176
107
58
212
30
42
203
222
97
88
202
78
13
185
150
57
72
36
127
199
188
114
49
48
65
225
199
87
21
20
33
154
244
250
222
51
124
26
199
132
162
39
138
77
112
215
85
160
26
22
201
237
78
225
90
251
178
226
212
148
221
168
165
168
151
62
134
83
222
202
21
146
68
182
32
39
126
149
69
151
83
112
187
171
189
233
131
28
223
50
230
230
128
225
104
241
189
26
174
2
79
207
122
104
78
143
164
229
116
28
