91
234
0
159
27
116
184
92
224
189
107
218
120
7
222
191
137
91
136
243
197
230
172
34
4
89
140
196
108
107
74
125
84
77
197
22
48
198
57
10
90
183
167
162
172
151
171
15
78
245
137
196
121
125
46
158
3
89
25
100
35
147
15
100
47
250
215
129
48
189
59
42
39
211
185
249
93
222
124
159
237
251
56
187
47
22
37
54
213
18
194
149
108
161
112
159
43
74
139
141
93
226
125
125
88
137
196
91
32
54
162
8
232
179
11
127
104
172
106
151
57
100
158
115
156
218
73
167
142
157
116
211
101
85
218
57
160
15
82
10
243
122
118
232
65
77
120
168
89
166
120
39
112
122
180
171
16
29
27
239
2
85
74
48
77
58
149
189
229
13
24
135
81
21
55
72
149
237
178
122
164
86
38
17
139
63
25
253
99
101
43
118
133
162
165
255
237
238
237
11
41
191
51
94
255
143
81
201
19
0
35
107
239
96
51
214
27
242
203
2
235
130
87
39
39
212
229
61
162
160
36
142
240
128
167
115
172
50
67
43
34
22
86
72
237
115
9
165
59
54
12
115
254
181
177
242
216
45
236
56
57
178
185
57
54
124
7
155
147
138
135
110
162
206
191
31
42
42
238
181
92
99
179
72
191
159
148
250
125
221
181
50
68
241
166
124
114
139
19
230
22
124
106
247
96
124
200
181
140
132
217
21
136
143
52
100
141
225
238
219
123
105
227
47
134
151
242
37
33
164
42
126
251
240
185
178
36
180
110
82
223
45
82
8
126
136
108
253
173
96
173
212
135
66
135
80
192
96
94
94
88
189
23
190
252
80
37
95
5
95
212
124
145
114
236
77
103
244
223
27
163
136
41
82
25
172
243
116
33
39
144
110
160
158
196
87
132
218
47
184
207
174
70
106
213
251
47
178
227
109
69
24
212
217
219
90
30
59
75
201
233
143
122
240
90
217
171
38
239
44
19
159
19
84
36
86
191
229
53
17
11
33
60
49
210
239
216
212
114
244
184
139
117
143
236
29
180
238
14
19
164
230
62
3
184
29
53
51
157
33
223
249
13
62
75
39
216
237
46
162
0
181
103
195
23
103
55
184
55
64
3
54
115
144
213
124
97
91
64
187
8
236
242
116
243
53
16
87
15
208
1
157
204
27
184
163
226
235
98
131
194
43
196
73
53
184
157
47
97
34
251
88
133
220
143
3
161
150
237
169
221
70
177
76
57
161
126
180
93
30
224
26
122
162
204
98
48
182
30
221
252
44
58
197
250
35
85
154
61
144
71
127
192
77
44
3
192
45
168
155
214
18
200
22
227
176
59
209
5
158
99
14
176
26
205
231
242
28
242
181
143
4
122
132
76
222
204
35
82
10
159
249
5
99
86
195
118
11
208
69
218
208
16
225
202
156
239
68
42
5
88
46
173
230
92
204
161
65
0
123
250
232
158
42
238
113
161
160
63
202
129
5
91
187
232
93
92
223
158
148
182
66
44
209
60
129
233
172
17
120
213
30
133
183
141
50
3
175
232
207
97
224
191
169
64
254
54
160
185
68
85
152
226
237
240
102
193
70
198
144
171
84
205
101
18
100
56
233
243
234
51
100
227
247
99
159
12
200
11
6
