57
54
106
105
20
237
143
141
231
43
144
165
161
112
138
140
65
232
188
121
225
156
137
24
10
176
163
147
243
79
48
48
124
164
47
18
100
121
197
72
174
107
128
194
24
170
218
92
87
238
123
88
13
240
126
88
26
57
210
143
142
186
210
178
110
235
208
64
32
39
208
242
152
223
127
127
49
53
45
245
207
170
117
76
51
196
126
40
207
149
199
247
28
123
143
61
238
115
186
177
128
82
79
135
211
102
0
112
150
214
158
130
183
221
186
243
106
200
229
203
39
245
16
62
98
192
48
48
132
197
79
143
44
198
65
134
199
229
40
219
231
221
198
158
81
49
154
223
58
236
54
16
175
234
98
169
84
96
230
65
222
154
132
223
89
148
108
228
113
209
15
226
43
94
154
235
214
116
249
239
10
204
218
158
254
153
3
47
76
237
68
100
81
116
44
79
86
128
227
1
162
24
210
143
223
125
190
128
239
190
247
34
185
186
3
161
57
137
204
232
66
182
227
95
136
102
158
117
70
65
93
181
124
187
20
162
88
99
4
59
20
155
36
12
36
146
223
2
125
60
108
129
173
97
157
132
240
33
147
241
162
12
180
106
52
198
38
4
134
107
193
73
12
170
11
236
16
10
204
169
157
174
189
86
164
0
182
19
232
88
6
178
63
127
141
51
186
40
168
48
214
8
158
47
215
177
222
127
234
247
161
238
0
24
198
232
227
207
207
242
83
221
21
127
144
132
31
167
211
251
210
178
94
52
147
199
29
167
135
165
161
43
133
182
113
134
197
24
199
64
172
237
70
123
44
179
76
111
36
171
167
10
119
109
160
138
171
247
162
169
63
118
228
233
29
36
13
92
224
209
10
121
154
219
193
176
148
95
63
26
75
192
32
182
130
75
31
219
106
34
184
180
187
222
36
111
99
75
163
225
115
242
64
52
69
219
242
189
98
234
62
5
11
245
124
100
232
33
197
219
9
148
197
214
36
46
142
208
168
175
179
225
42
2
175
253
193
128
43
228
87
231
108
185
153
142
57
48
3
241
34
196
243
147
100
156
151
244
4
170
232
104
26
100
253
90
79
52
84
179
89
51
189
253
12
215
104
252
67
2
182
153
98
15
91
135
169
206
189
240
23
60
89
75
52
203
199
154
120
84
244
9
60
117
173
149
218
35
238
1
143
66
87
80
160
44
145
205
248
76
44
233
119
43
187
131
177
111
107
37
133
33
71
173
34
109
250
246
209
172
1
135
244
104
24
13
54
106
94
227
140
204
228
178
254
73
238
69
20
165
50
236
80
72
18
162
95
218
115
53
96
171
96
203
43
152
204
148
137
138
68
84
120
42
94
230
103
113
194
27
13
10
167
222
139
160
74
206
6
192
37
123
123
111
213
222
0
201
81
203
225
198
42
210
228
106
107
245
82
135
220
85
246
92
198
57
28
133
65
216
182
66
125
190
58
167
68
120
41
98
72
0
216
117
135
35
100
241
154
112
77
134
153
79
33
170
205
24
56
69
103
177
195
107
96
104
91
64
153
181
116
36
119
123
154
63
84
252
69
239
192
80
25
83
252
128
227
175
242
240
185
209
102
174
141
220
66
121
181
43
216
69
187
198
200
246
41
194
146
192
